target_pair <- "EUR_USD"

correlation_threshold <- 0.7

train_test_splits <- list(c("2010","2014"),
                          c("2011","2015"),
                          c("2012","2016"),
                          c("2013","2017"),
                          c("2014","2018"))